  0.00000E+00  0.97105E+00  0.54112E+01   6 DELV 
  0.13562E+00  0.54478E+02  0.26135E+02   6 VMAX 
  0.42268E+00  0.21656E+01  0.85471E+01   6 PER  
  0.38804E-02  0.56455E+00  0.36260E+00   6 ADAY 
 -0.21143E-02 -0.27093E+01  0.96851E+01   6 SPDX 
 -0.15693E-01  0.62456E+03  0.86307E+02   6 PSLV 
 -0.11278E+00  0.15663E+03  0.70141E+03   6 VPER 
  0.15309E+00  0.62956E+02  0.27969E+02   6 PC20 
 -0.44172E-01  0.79161E+03  0.34476E+03   6 GSTD 
  0.70483E+00  0.67080E+02  0.33345E+02   6 POT  
 -0.44896E-02  0.17373E+02  0.10105E+02   6 SHDC 
 -0.69189E-01 -0.53170E+02  0.16159E+01   6 T200 
 -0.37687E-01 -0.29659E+00  0.98383E+00   6 T250 
  0.45330E-01  0.10758E+02  0.35984E+01   6 EPOS 
 -0.17236E-01  0.50572E+02  0.10600E+02   6 RHMD 
  0.35786E-01  0.84685E-01  0.71466E+00   6 TWAT 
  0.73032E-01  0.24730E+02  0.57151E+02   6 Z850 
  0.27567E-01  0.24854E+02  0.31523E+02   6 D200 
  0.19677E+00  0.74906E+01  0.57499E+01   6 LHRD 
 -0.32059E+00  0.91830E+03  0.64816E+03   6 VSHR 
 -0.46499E+00  0.56115E+04  0.44261E+04   6 POT2 
  0.73143E-02  0.89314E+00  0.48850E+01   6 RHCN 
  0.41879E-01 -0.66953E-01  0.33906E+02   6 SDIR 
 -0.42936E-01  0.53330E-01  0.39163E+01   6 SHGC 
  0.00000E+00  0.20996E+01  0.92002E+01  12 DELV 
  0.21867E+00  0.54759E+02  0.26210E+02  12 VMAX 
  0.45992E+00  0.23277E+01  0.84789E+01  12 PER  
 -0.13991E-02  0.56892E+00  0.36179E+00  12 ADAY 
 -0.24074E-01 -0.30423E+01  0.92714E+01  12 SPDX 
 -0.19153E-01  0.62376E+03  0.85759E+02  12 PSLV 
 -0.22593E+00  0.16416E+03  0.70196E+03  12 VPER 
  0.15960E+00  0.63770E+02  0.27606E+02  12 PC20 
 -0.53971E-01  0.79536E+03  0.34467E+03  12 GSTD 
  0.91023E+00  0.66712E+02  0.33351E+02  12 POT  
 -0.30026E-01  0.17269E+02  0.97050E+01  12 SHDC 
 -0.80207E-01 -0.53169E+02  0.15976E+01  12 T200 
 -0.55245E-01 -0.29580E+00  0.98050E+00  12 T250 
  0.67243E-01  0.10812E+02  0.34845E+01  12 EPOS 
 -0.13287E-01  0.50354E+02  0.10450E+02  12 RHMD 
  0.55599E-01  0.16503E+00  0.94731E+00  12 TWAT 
  0.83300E-01  0.24578E+02  0.56451E+02  12 Z850 
  0.51798E-01  0.24503E+02  0.30432E+02  12 D200 
  0.27895E+00  0.74112E+01  0.54777E+01  12 LHRD 
 -0.43979E+00  0.92096E+03  0.63852E+03  12 VSHR 
 -0.59179E+00  0.55626E+04  0.43908E+04  12 POT2 
  0.88713E-02  0.85069E+00  0.47260E+01  12 RHCN 
  0.68180E-01 -0.38144E+00  0.32951E+02  12 SDIR 
 -0.49449E-01  0.43262E-01  0.36597E+01  12 SHGC 
  0.00000E+00  0.32561E+01  0.12503E+02  18 DELV 
  0.25801E+00  0.54970E+02  0.26304E+02  18 VMAX 
  0.46949E+00  0.24144E+01  0.83902E+01  18 PER  
 -0.52691E-03  0.57363E+00  0.36095E+00  18 ADAY 
 -0.38888E-01 -0.33639E+01  0.89058E+01  18 SPDX 
 -0.19081E-01  0.62267E+03  0.85276E+02  18 PSLV 
 -0.29455E+00  0.16711E+03  0.69773E+03  18 VPER 
  0.15692E+00  0.64393E+02  0.27362E+02  18 PC20 
 -0.62441E-01  0.79720E+03  0.34415E+03  18 GSTD 
  0.10207E+01  0.66396E+02  0.33371E+02  18 POT  
 -0.68871E-01  0.17177E+02  0.93851E+01  18 SHDC 
 -0.87213E-01 -0.53166E+02  0.15861E+01  18 T200 
 -0.70716E-01 -0.29515E+00  0.97705E+00  18 T250 
  0.79033E-01  0.10862E+02  0.33914E+01  18 EPOS 
 -0.12187E-01  0.50143E+02  0.10299E+02  18 RHMD 
  0.69459E-01  0.24018E+00  0.11544E+01  18 TWAT 
  0.86848E-01  0.24525E+02  0.55818E+02  18 Z850 
  0.68760E-01  0.24243E+02  0.29654E+02  18 D200 
  0.32270E+00  0.73426E+01  0.52583E+01  18 LHRD 
 -0.48842E+00  0.92259E+03  0.63184E+03  18 VSHR 
 -0.64376E+00  0.55219E+04  0.43646E+04  18 POT2 
  0.81456E-02  0.81613E+00  0.45688E+01  18 RHCN 
  0.86063E-01 -0.71111E+00  0.32165E+02  18 SDIR 
 -0.51899E-01  0.36726E-01  0.34819E+01  18 SHGC 
  0.00000E+00  0.43700E+01  0.15393E+02  24 DELV 
  0.24879E+00  0.55210E+02  0.26431E+02  24 VMAX 
  0.44456E+00  0.24862E+01  0.82912E+01  24 PER  
  0.20658E-02  0.57852E+00  0.36014E+00  24 ADAY 
 -0.50214E-01 -0.36588E+01  0.86048E+01  24 SPDX 
 -0.20418E-01  0.62140E+03  0.84335E+02  24 PSLV 
 -0.30261E+00  0.16998E+03  0.69300E+03  24 VPER 
  0.16175E+00  0.64885E+02  0.27186E+02  24 PC20 
 -0.47868E-01  0.79741E+03  0.34235E+03  24 GSTD 
  0.10657E+01  0.66009E+02  0.33356E+02  24 POT  
 -0.11831E+00  0.17108E+02  0.91082E+01  24 SHDC 
 -0.93929E-01 -0.53161E+02  0.15749E+01  24 T200 
 -0.80702E-01 -0.29469E+00  0.97470E+00  24 T250 
  0.86373E-01  0.10910E+02  0.33152E+01  24 EPOS 
 -0.13204E-01  0.49921E+02  0.10146E+02  24 RHMD 
  0.76121E-01  0.31014E+00  0.13238E+01  24 TWAT 
  0.92275E-01  0.24527E+02  0.55245E+02  24 Z850 
  0.78454E-01  0.24003E+02  0.29097E+02  24 D200 
  0.34917E+00  0.72881E+01  0.50705E+01  24 LHRD 
 -0.49509E+00  0.92526E+03  0.62759E+03  24 VSHR 
 -0.64128E+00  0.54696E+04  0.43307E+04  24 POT2 
  0.63427E-02  0.77827E+00  0.43837E+01  24 RHCN 
  0.10058E+00 -0.10111E+01  0.31505E+02  24 SDIR 
 -0.54606E-01  0.34349E-01  0.33427E+01  24 SHGC 
  0.00000E+00  0.54011E+01  0.18000E+02  30 DELV 
  0.23344E+00  0.55458E+02  0.26569E+02  30 VMAX 
  0.39326E+00  0.25757E+01  0.82505E+01  30 PER  
  0.48823E-02  0.58343E+00  0.35927E+00  30 ADAY 
 -0.59587E-01 -0.39404E+01  0.83416E+01  30 SPDX 
 -0.23025E-01  0.62024E+03  0.83651E+02  30 PSLV 
 -0.27675E+00  0.17483E+03  0.69095E+03  30 VPER 
  0.15653E+00  0.65370E+02  0.27029E+02  30 PC20 
 -0.38113E-01  0.79676E+03  0.34182E+03  30 GSTD 
  0.10863E+01  0.65632E+02  0.33306E+02  30 POT  
 -0.16278E+00  0.17060E+02  0.88660E+01  30 SHDC 
 -0.10209E+00 -0.53154E+02  0.15601E+01  30 T200 
 -0.85146E-01 -0.29432E+00  0.97262E+00  30 T250 
  0.84233E-01  0.10950E+02  0.32413E+01  30 EPOS 
 -0.17825E-01  0.49716E+02  0.99995E+01  30 RHMD 
  0.83483E-01  0.37194E+00  0.14913E+01  30 TWAT 
  0.96991E-01  0.24545E+02  0.54634E+02  30 Z850 
  0.86440E-01  0.23737E+02  0.28510E+02  30 D200 
  0.35393E+00  0.72465E+01  0.49096E+01  30 LHRD 
 -0.47644E+00  0.92836E+03  0.62346E+03  30 VSHR 
 -0.61933E+00  0.54167E+04  0.42900E+04  30 POT2 
  0.49955E-02  0.73929E+00  0.41824E+01  30 RHCN 
  0.11381E+00 -0.13134E+01  0.30815E+02  30 SDIR 
 -0.62156E-01  0.31558E-01  0.32235E+01  30 SHGC 
  0.00000E+00  0.63368E+01  0.20358E+02  36 DELV 
  0.19498E+00  0.55693E+02  0.26711E+02  36 VMAX 
  0.35120E+00  0.26678E+01  0.82196E+01  36 PER  
  0.93065E-02  0.58833E+00  0.35837E+00  36 ADAY 
 -0.65576E-01 -0.42088E+01  0.81256E+01  36 SPDX 
 -0.29546E-01  0.61897E+03  0.83516E+02  36 PSLV 
 -0.25055E+00  0.17998E+03  0.69018E+03  36 VPER 
  0.14992E+00  0.65868E+02  0.26875E+02  36 PC20 
 -0.29652E-01  0.79759E+03  0.34254E+03  36 GSTD 
  0.10648E+01  0.65275E+02  0.33248E+02  36 POT  
 -0.20286E+00  0.17020E+02  0.86284E+01  36 SHDC 
 -0.11200E+00 -0.53147E+02  0.15568E+01  36 T200 
 -0.86454E-01 -0.29322E+00  0.96957E+00  36 T250 
  0.86886E-01  0.10982E+02  0.31701E+01  36 EPOS 
 -0.20497E-01  0.49522E+02  0.98535E+01  36 RHMD 
  0.94809E-01  0.43045E+00  0.16366E+01  36 TWAT 
  0.10213E+00  0.24526E+02  0.54086E+02  36 Z850 
  0.89169E-01  0.23479E+02  0.27942E+02  36 D200 
  0.34460E+00  0.72105E+01  0.47567E+01  36 LHRD 
 -0.43746E+00  0.93130E+03  0.61966E+03  36 VSHR 
 -0.57452E+00  0.53660E+04  0.42496E+04  36 POT2 
  0.53549E-02  0.70649E+00  0.40050E+01  36 RHCN 
  0.12601E+00 -0.15695E+01  0.30152E+02  36 SDIR 
 -0.68385E-01  0.31479E-01  0.31201E+01  36 SHGC 
  0.00000E+00  0.72272E+01  0.22548E+02  42 DELV 
  0.14743E+00  0.55909E+02  0.26863E+02  42 VMAX 
  0.31829E+00  0.27943E+01  0.81443E+01  42 PER  
  0.12567E-01  0.59329E+00  0.35732E+00  42 ADAY 
 -0.68921E-01 -0.44688E+01  0.79434E+01  42 SPDX 
 -0.33802E-01  0.61794E+03  0.83364E+02  42 PSLV 
 -0.22841E+00  0.18811E+03  0.68067E+03  42 VPER 
  0.13802E+00  0.66347E+02  0.26738E+02  42 PC20 
 -0.17301E-01  0.79844E+03  0.34425E+03  42 GSTD 
  0.10288E+01  0.64960E+02  0.33195E+02  42 POT  
 -0.24820E+00  0.16977E+02  0.83983E+01  42 SHDC 
 -0.12017E+00 -0.53139E+02  0.15460E+01  42 T200 
 -0.87262E-01 -0.29156E+00  0.96569E+00  42 T250 
  0.91366E-01  0.11014E+02  0.31022E+01  42 EPOS 
 -0.20387E-01  0.49334E+02  0.97110E+01  42 RHMD 
  0.10009E+00  0.49615E+00  0.17765E+01  42 TWAT 
  0.10725E+00  0.24498E+02  0.53543E+02  42 Z850 
  0.92290E-01  0.23228E+02  0.27409E+02  42 D200 
  0.32989E+00  0.71749E+01  0.46149E+01  42 LHRD 
 -0.38360E+00  0.93357E+03  0.61611E+03  42 VSHR 
 -0.52105E+00  0.53214E+04  0.42146E+04  42 POT2 
  0.54742E-02  0.67698E+00  0.38238E+01  42 RHCN 
  0.13488E+00 -0.17679E+01  0.29521E+02  42 SDIR 
 -0.76199E-01  0.27455E-01  0.30303E+01  42 SHGC 
  0.00000E+00  0.80426E+01  0.24585E+02  48 DELV 
  0.93046E-01  0.56073E+02  0.27026E+02  48 VMAX 
  0.27512E+00  0.29140E+01  0.81525E+01  48 PER  
  0.15339E-01  0.59792E+00  0.35612E+00  48 ADAY 
 -0.67794E-01 -0.47153E+01  0.77904E+01  48 SPDX 
 -0.34328E-01  0.61700E+03  0.82957E+02  48 PSLV 
 -0.19320E+00  0.19680E+03  0.68434E+03  48 VPER 
  0.13328E+00  0.66722E+02  0.26625E+02  48 PC20 
 -0.10298E-01  0.79827E+03  0.34549E+03  48 GSTD 
  0.99963E+00  0.64714E+02  0.33183E+02  48 POT  
 -0.29454E+00  0.16936E+02  0.81778E+01  48 SHDC 
 -0.12933E+00 -0.53129E+02  0.15330E+01  48 T200 
 -0.88281E-01 -0.28902E+00  0.96003E+00  48 T250 
  0.97073E-01  0.11047E+02  0.30428E+01  48 EPOS 
 -0.22611E-01  0.49166E+02  0.95647E+01  48 RHMD 
  0.10127E+00  0.55794E+00  0.19004E+01  48 TWAT 
  0.11285E+00  0.24457E+02  0.53030E+02  48 Z850 
  0.96349E-01  0.22963E+02  0.26922E+02  48 D200 
  0.31393E+00  0.71395E+01  0.44783E+01  48 LHRD 
 -0.32321E+00  0.93488E+03  0.61242E+03  48 VSHR 
 -0.47564E+00  0.52888E+04  0.41868E+04  48 POT2 
  0.50573E-02  0.65675E+00  0.36733E+01  48 RHCN 
  0.14228E+00 -0.19747E+01  0.28880E+02  48 SDIR 
 -0.81868E-01  0.25219E-01  0.29460E+01  48 SHGC 
  0.00000E+00  0.88067E+01  0.26412E+02  54 DELV 
  0.29616E-01  0.56184E+02  0.27141E+02  54 VMAX 
  0.23137E+00  0.29825E+01  0.81076E+01  54 PER  
  0.17809E-01  0.60268E+00  0.35471E+00  54 ADAY 
 -0.70207E-01 -0.49410E+01  0.76844E+01  54 SPDX 
 -0.29828E-01  0.61611E+03  0.82727E+02  54 PSLV 
 -0.14845E+00  0.20145E+03  0.67983E+03  54 VPER 
  0.12343E+00  0.67179E+02  0.26482E+02  54 PC20 
 -0.26689E-02  0.79674E+03  0.34599E+03  54 GSTD 
  0.96456E+00  0.64467E+02  0.33105E+02  54 POT  
 -0.34165E+00  0.16894E+02  0.79641E+01  54 SHDC 
 -0.13483E+00 -0.53122E+02  0.15289E+01  54 T200 
 -0.88261E-01 -0.28934E+00  0.95868E+00  54 T250 
  0.10082E+00  0.11072E+02  0.29959E+01  54 EPOS 
 -0.25194E-01  0.49003E+02  0.94140E+01  54 RHMD 
  0.10107E+00  0.61810E+00  0.20256E+01  54 TWAT 
  0.11969E+00  0.24442E+02  0.52507E+02  54 Z850 
  0.10234E+00  0.22679E+02  0.26431E+02  54 D200 
  0.29408E+00  0.71112E+01  0.43540E+01  54 LHRD 
 -0.25216E+00  0.93437E+03  0.60553E+03  54 VSHR 
 -0.42986E+00  0.52518E+04  0.41548E+04  54 POT2 
  0.24991E-02  0.63598E+00  0.35334E+01  54 RHCN 
  0.14876E+00 -0.20811E+01  0.28230E+02  54 SDIR 
 -0.85309E-01  0.17585E-01  0.28639E+01  54 SHGC 
  0.00000E+00  0.94706E+01  0.28075E+02  60 DELV 
 -0.34059E-01  0.56280E+02  0.27251E+02  60 VMAX 
  0.20540E+00  0.30772E+01  0.81004E+01  60 PER  
  0.18521E-01  0.60733E+00  0.35306E+00  60 ADAY 
 -0.75512E-01 -0.51386E+01  0.76135E+01  60 SPDX 
 -0.27152E-01  0.61549E+03  0.82871E+02  60 PSLV 
 -0.12508E+00  0.20924E+03  0.67953E+03  60 VPER 
  0.10793E+00  0.67647E+02  0.26388E+02  60 PC20 
  0.84620E-02  0.79467E+03  0.34611E+03  60 GSTD 
  0.92847E+00  0.64237E+02  0.33029E+02  60 POT  
 -0.37261E+00  0.16853E+02  0.77735E+01  60 SHDC 
 -0.13826E+00 -0.53114E+02  0.15236E+01  60 T200 
 -0.88291E-01 -0.28975E+00  0.95766E+00  60 T250 
  0.11087E+00  0.11090E+02  0.29536E+01  60 EPOS 
 -0.23524E-01  0.48860E+02  0.92699E+01  60 RHMD 
  0.10102E+00  0.67663E+00  0.21444E+01  60 TWAT 
  0.12584E+00  0.24469E+02  0.51979E+02  60 Z850 
  0.10650E+00  0.22435E+02  0.25950E+02  60 D200 
  0.26633E+00  0.70872E+01  0.42473E+01  60 LHRD 
 -0.18918E+00  0.93326E+03  0.59805E+03  60 VSHR 
 -0.39646E+00  0.52171E+04  0.41217E+04  60 POT2 
 -0.30516E-03  0.61405E+00  0.34025E+01  60 RHCN 
  0.15775E+00 -0.21684E+01  0.27589E+02  60 SDIR 
 -0.88251E-01  0.12278E-01  0.27880E+01  60 SHGC 
  0.00000E+00  0.10065E+02  0.29516E+02  66 DELV 
 -0.92609E-01  0.56324E+02  0.27334E+02  66 VMAX 
  0.18712E+00  0.31543E+01  0.81152E+01  66 PER  
  0.19711E-01  0.61154E+00  0.35135E+00  66 ADAY 
 -0.80546E-01 -0.53182E+01  0.75706E+01  66 SPDX 
 -0.36412E-01  0.61531E+03  0.82811E+02  66 PSLV 
 -0.11554E+00  0.21664E+03  0.68186E+03  66 VPER 
  0.96220E-01  0.68059E+02  0.26307E+02  66 PC20 
  0.20404E-01  0.79171E+03  0.34498E+03  66 GSTD 
  0.89587E+00  0.64077E+02  0.32934E+02  66 POT  
 -0.38949E+00  0.16800E+02  0.75821E+01  66 SHDC 
 -0.14137E+00 -0.53105E+02  0.15182E+01  66 T200 
 -0.91116E-01 -0.29010E+00  0.95708E+00  66 T250 
  0.12536E+00  0.11112E+02  0.29139E+01  66 EPOS 
 -0.20648E-01  0.48731E+02  0.91341E+01  66 RHMD 
  0.10176E+00  0.74004E+00  0.22603E+01  66 TWAT 
  0.12957E+00  0.24523E+02  0.51429E+02  66 Z850 
  0.11120E+00  0.22218E+02  0.25462E+02  66 D200 
  0.24452E+00  0.70569E+01  0.41397E+01  66 LHRD 
 -0.14445E+00  0.93069E+03  0.58926E+03  66 VSHR 
 -0.37694E+00  0.51903E+04  0.40917E+04  66 POT2 
 -0.33102E-02  0.58838E+00  0.32766E+01  66 RHCN 
  0.16459E+00 -0.22470E+01  0.26927E+02  66 SDIR 
 -0.87078E-01  0.30508E-02  0.27132E+01  66 SHGC 
  0.00000E+00  0.10618E+02  0.30790E+02  72 DELV 
 -0.13495E+00  0.56318E+02  0.27356E+02  72 VMAX 
  0.16944E+00  0.31729E+01  0.81239E+01  72 PER  
  0.17820E-01  0.61624E+00  0.34953E+00  72 ADAY 
 -0.82987E-01 -0.54779E+01  0.75362E+01  72 SPDX 
 -0.42066E-01  0.61466E+03  0.82935E+02  72 PSLV 
 -0.11144E+00  0.21886E+03  0.68484E+03  72 VPER 
  0.90398E-01  0.68366E+02  0.26170E+02  72 PC20 
  0.23105E-01  0.78982E+03  0.34361E+03  72 GSTD 
  0.87453E+00  0.63986E+02  0.32834E+02  72 POT  
 -0.40420E+00  0.16751E+02  0.73956E+01  72 SHDC 
 -0.14654E+00 -0.53094E+02  0.15139E+01  72 T200 
 -0.92832E-01 -0.28967E+00  0.95493E+00  72 T250 
  0.13842E+00  0.11132E+02  0.28767E+01  72 EPOS 
 -0.18602E-01  0.48630E+02  0.90138E+01  72 RHMD 
  0.10339E+00  0.80131E+00  0.23725E+01  72 TWAT 
  0.13245E+00  0.24639E+02  0.50856E+02  72 Z850 
  0.11135E+00  0.22101E+02  0.25076E+02  72 D200 
  0.22863E+00  0.70290E+01  0.40345E+01  72 LHRD 
 -0.10565E+00  0.92755E+03  0.58020E+03  72 VSHR 
 -0.36092E+00  0.51719E+04  0.40618E+04  72 POT2 
 -0.53260E-02  0.55734E+00  0.31500E+01  72 RHCN 
  0.17007E+00 -0.23129E+01  0.26280E+02  72 SDIR 
 -0.84834E-01 -0.85246E-02  0.26401E+01  72 SHGC 
  0.00000E+00  0.11106E+02  0.31885E+02  78 DELV 
 -0.17690E+00  0.56296E+02  0.27324E+02  78 VMAX 
  0.14759E+00  0.31911E+01  0.81270E+01  78 PER  
  0.15106E-01  0.62115E+00  0.34753E+00  78 ADAY 
 -0.86562E-01 -0.56276E+01  0.75006E+01  78 SPDX 
 -0.46469E-01  0.61391E+03  0.83179E+02  78 PSLV 
 -0.10555E+00  0.21882E+03  0.68122E+03  78 VPER 
  0.84775E-01  0.68717E+02  0.26067E+02  78 PC20 
  0.32570E-01  0.78481E+03  0.33885E+03  78 GSTD 
  0.85562E+00  0.63941E+02  0.32731E+02  78 POT  
 -0.42230E+00  0.16694E+02  0.72019E+01  78 SHDC 
 -0.15113E+00 -0.53080E+02  0.15098E+01  78 T200 
 -0.94984E-01 -0.28784E+00  0.95106E+00  78 T250 
  0.15190E+00  0.11158E+02  0.28414E+01  78 EPOS 
 -0.17718E-01  0.48525E+02  0.88858E+01  78 RHMD 
  0.10717E+00  0.86765E+00  0.24784E+01  78 TWAT 
  0.13569E+00  0.24736E+02  0.50276E+02  78 Z850 
  0.11007E+00  0.21970E+02  0.24675E+02  78 D200 
  0.21760E+00  0.69984E+01  0.39263E+01  78 LHRD 
 -0.67834E-01  0.92393E+03  0.57088E+03  78 VSHR 
 -0.34616E+00  0.51595E+04  0.40393E+04  78 POT2 
 -0.63473E-02  0.52589E+00  0.30314E+01  78 RHCN 
  0.17275E+00 -0.23491E+01  0.25646E+02  78 SDIR 
 -0.81963E-01 -0.20600E-01  0.25696E+01  78 SHGC 
  0.00000E+00  0.11490E+02  0.32813E+02  84 DELV 
 -0.20529E+00  0.56294E+02  0.27297E+02  84 VMAX 
  0.11917E+00  0.31972E+01  0.81176E+01  84 PER  
  0.14245E-01  0.62636E+00  0.34543E+00  84 ADAY 
 -0.90413E-01 -0.57636E+01  0.74603E+01  84 SPDX 
 -0.47091E-01  0.61285E+03  0.83666E+02  84 PSLV 
 -0.89870E-01  0.21764E+03  0.67830E+03  84 VPER 
  0.77955E-01  0.69008E+02  0.25929E+02  84 PC20 
  0.35675E-01  0.78197E+03  0.33667E+03  84 GSTD 
  0.82570E+00  0.63863E+02  0.32594E+02  84 POT  
 -0.43221E+00  0.16635E+02  0.70174E+01  84 SHDC 
 -0.15763E+00 -0.53065E+02  0.14996E+01  84 T200 
 -0.95380E-01 -0.28626E+00  0.94775E+00  84 T250 
  0.16294E+00  0.11184E+02  0.28036E+01  84 EPOS 
 -0.17477E-01  0.48414E+02  0.87466E+01  84 RHMD 
  0.11045E+00  0.92797E+00  0.25690E+01  84 TWAT 
  0.13876E+00  0.24744E+02  0.49679E+02  84 Z850 
  0.10843E+00  0.21822E+02  0.24257E+02  84 D200 
  0.21256E+00  0.69710E+01  0.38277E+01  84 LHRD 
 -0.42973E-01  0.92041E+03  0.56135E+03  84 VSHR 
 -0.31755E+00  0.51405E+04  0.40058E+04  84 POT2 
 -0.52775E-02  0.49614E+00  0.29215E+01  84 RHCN 
  0.17381E+00 -0.23577E+01  0.25007E+02  84 SDIR 
 -0.78630E-01 -0.30263E-01  0.25033E+01  84 SHGC 
  0.00000E+00  0.11835E+02  0.33593E+02  90 DELV 
 -0.22975E+00  0.56248E+02  0.27298E+02  90 VMAX 
  0.90684E-01  0.32143E+01  0.81209E+01  90 PER  
  0.10760E-01  0.63113E+00  0.34356E+00  90 ADAY 
 -0.95800E-01 -0.58841E+01  0.74241E+01  90 SPDX 
 -0.42972E-01  0.61174E+03  0.84219E+02  90 PSLV 
 -0.71640E-01  0.21864E+03  0.67895E+03  90 VPER 
  0.72892E-01  0.69168E+02  0.25840E+02  90 PC20 
  0.32284E-01  0.78229E+03  0.33712E+03  90 GSTD 
  0.78816E+00  0.63808E+02  0.32451E+02  90 POT  
 -0.43536E+00  0.16589E+02  0.68490E+01  90 SHDC 
 -0.16741E+00 -0.53051E+02  0.14941E+01  90 T200 
 -0.92875E-01 -0.28559E+00  0.94410E+00  90 T250 
  0.17465E+00  0.11203E+02  0.27645E+01  90 EPOS 
 -0.16274E-01  0.48303E+02  0.86113E+01  90 RHMD 
  0.11474E+00  0.99824E+00  0.26741E+01  90 TWAT 
  0.14037E+00  0.24757E+02  0.49132E+02  90 Z850 
  0.10613E+00  0.21657E+02  0.23909E+02  90 D200 
  0.20512E+00  0.69533E+01  0.37364E+01  90 LHRD 
 -0.25498E-01  0.91629E+03  0.55161E+03  90 VSHR 
 -0.28710E+00  0.51242E+04  0.39675E+04  90 POT2 
 -0.39066E-02  0.46869E+00  0.28201E+01  90 RHCN 
  0.17624E+00 -0.22920E+01  0.24364E+02  90 SDIR 
 -0.73099E-01 -0.41928E-01  0.24398E+01  90 SHGC 
  0.00000E+00  0.12057E+02  0.34185E+02  96 DELV 
 -0.24069E+00  0.56201E+02  0.27325E+02  96 VMAX 
  0.69954E-01  0.32497E+01  0.81723E+01  96 PER  
  0.82365E-02  0.63515E+00  0.34188E+00  96 ADAY 
 -0.10354E+00 -0.60060E+01  0.73784E+01  96 SPDX 
 -0.34919E-01  0.61033E+03  0.84552E+02  96 PSLV 
 -0.59376E-01  0.22142E+03  0.68782E+03  96 VPER 
  0.72145E-01  0.69181E+02  0.25823E+02  96 PC20 
  0.33038E-01  0.78109E+03  0.33571E+03  96 GSTD 
  0.75985E+00  0.63725E+02  0.32332E+02  96 POT  
 -0.42907E+00  0.16544E+02  0.66951E+01  96 SHDC 
 -0.17868E+00 -0.53041E+02  0.14907E+01  96 T200 
 -0.88690E-01 -0.28520E+00  0.94087E+00  96 T250 
  0.18366E+00  0.11219E+02  0.27278E+01  96 EPOS 
 -0.18121E-01  0.48187E+02  0.84674E+01  96 RHMD 
  0.11494E+00  0.10587E+01  0.27606E+01  96 TWAT 
  0.14300E+00  0.24700E+02  0.48626E+02  96 Z850 
  0.10333E+00  0.21472E+02  0.23594E+02  96 D200 
  0.19824E+00  0.69409E+01  0.36515E+01  96 LHRD 
 -0.23007E-01  0.91246E+03  0.54340E+03  96 VSHR 
 -0.25938E+00  0.51059E+04  0.39277E+04  96 POT2 
 -0.16441E-02  0.44484E+00  0.27339E+01  96 RHCN 
  0.17916E+00 -0.22301E+01  0.23724E+02  96 SDIR 
 -0.67248E-01 -0.54266E-01  0.23783E+01  96 SHGC 
  0.00000E+00  0.12300E+02  0.34656E+02 102 DELV 
 -0.25005E+00  0.56086E+02  0.27304E+02 102 VMAX 
  0.50740E-01  0.32825E+01  0.81350E+01 102 PER  
  0.46520E-02  0.63825E+00  0.34052E+00 102 ADAY 
 -0.11033E+00 -0.61147E+01  0.73246E+01 102 SPDX 
 -0.29650E-01  0.60945E+03  0.85185E+02 102 PSLV 
 -0.49248E-01  0.22368E+03  0.68523E+03 102 VPER 
  0.66295E-01  0.69075E+02  0.25800E+02 102 PC20 
  0.25329E-01  0.78088E+03  0.33586E+03 102 GSTD 
  0.72851E+00  0.63693E+02  0.32216E+02 102 POT  
 -0.42452E+00  0.16525E+02  0.65757E+01 102 SHDC 
 -0.19056E+00 -0.53036E+02  0.14841E+01 102 T200 
 -0.80064E-01 -0.28771E+00  0.94341E+00 102 T250 
  0.19403E+00  0.11225E+02  0.26978E+01 102 EPOS 
 -0.18535E-01  0.48082E+02  0.83433E+01 102 RHMD 
  0.11684E+00  0.11191E+01  0.28630E+01 102 TWAT 
  0.14597E+00  0.24667E+02  0.48183E+02 102 Z850 
  0.10016E+00  0.21282E+02  0.23285E+02 102 D200 
  0.19271E+00  0.69451E+01  0.35950E+01 102 LHRD 
 -0.17368E-01  0.90882E+03  0.53584E+03 102 VSHR 
 -0.23325E+00  0.50943E+04  0.38918E+04 102 POT2 
  0.15139E-02  0.41822E+00  0.26356E+01 102 RHCN 
  0.18383E+00 -0.21382E+01  0.23097E+02 102 SDIR 
 -0.59571E-01 -0.68453E-01  0.23204E+01 102 SHGC 
  0.00000E+00  0.12568E+02  0.35129E+02 108 DELV 
 -0.26394E+00  0.55947E+02  0.27292E+02 108 VMAX 
  0.28373E-01  0.33714E+01  0.80973E+01 108 PER  
  0.38356E-02  0.64095E+00  0.33927E+00 108 ADAY 
 -0.11383E+00 -0.62222E+01  0.72822E+01 108 SPDX 
 -0.29698E-01  0.60839E+03  0.85062E+02 108 PSLV 
 -0.30996E-01  0.22998E+03  0.68037E+03 108 VPER 
  0.59269E-01  0.68968E+02  0.25741E+02 108 PC20 
  0.22878E-01  0.78112E+03  0.33659E+03 108 GSTD 
  0.69423E+00  0.63724E+02  0.32187E+02 108 POT  
 -0.41285E+00  0.16499E+02  0.64576E+01 108 SHDC 
 -0.20101E+00 -0.53030E+02  0.14795E+01 108 T200 
 -0.73713E-01 -0.28924E+00  0.94479E+00 108 T250 
  0.20354E+00  0.11232E+02  0.26720E+01 108 EPOS 
 -0.20790E-01  0.47996E+02  0.82481E+01 108 RHMD 
  0.11912E+00  0.11732E+01  0.29708E+01 108 TWAT 
  0.14776E+00  0.24656E+02  0.47737E+02 108 Z850 
  0.96598E-01  0.21120E+02  0.22999E+02 108 D200 
  0.17740E+00  0.69458E+01  0.35408E+01 108 LHRD 
 -0.10114E-01  0.90500E+03  0.52987E+03 108 VSHR 
 -0.20543E+00  0.50963E+04  0.38699E+04 108 POT2 
  0.54624E-02  0.38947E+00  0.25250E+01 108 RHCN 
  0.18752E+00 -0.20468E+01  0.22472E+02 108 SDIR 
 -0.53111E-01 -0.76846E-01  0.22729E+01 108 SHGC 
  0.00000E+00  0.12849E+02  0.35475E+02 114 DELV 
 -0.29131E+00  0.55748E+02  0.27243E+02 114 VMAX 
  0.11570E-01  0.34811E+01  0.81151E+01 114 PER  
  0.72053E-02  0.64317E+00  0.33792E+00 114 ADAY 
 -0.11460E+00 -0.63389E+01  0.72482E+01 114 SPDX 
 -0.26137E-01  0.60740E+03  0.85591E+02 114 PSLV 
 -0.15357E-01  0.23822E+03  0.68465E+03 114 VPER 
  0.55912E-01  0.68938E+02  0.25731E+02 114 PC20 
  0.16592E-01  0.78041E+03  0.33784E+03 114 GSTD 
  0.65240E+00  0.63833E+02  0.32167E+02 114 POT  
 -0.40599E+00  0.16463E+02  0.63379E+01 114 SHDC 
 -0.21268E+00 -0.53024E+02  0.14758E+01 114 T200 
 -0.68006E-01 -0.28995E+00  0.94511E+00 114 T250 
  0.21503E+00  0.11242E+02  0.26461E+01 114 EPOS 
 -0.20749E-01  0.47908E+02  0.81553E+01 114 RHMD 
  0.11989E+00  0.12250E+01  0.30686E+01 114 TWAT 
  0.14818E+00  0.24609E+02  0.47288E+02 114 Z850 
  0.94636E-01  0.20942E+02  0.22699E+02 114 D200 
  0.16260E+00  0.69419E+01  0.34875E+01 114 LHRD 
  0.11228E-02  0.89999E+03  0.52401E+03 114 VSHR 
 -0.18193E+00  0.51090E+04  0.38547E+04 114 POT2 
  0.10474E-01  0.35889E+00  0.23961E+01 114 RHCN 
  0.18987E+00 -0.19595E+01  0.21872E+02 114 SDIR 
 -0.45284E-01 -0.86577E-01  0.22242E+01 114 SHGC 
  0.00000E+00  0.13175E+02  0.35752E+02 120 DELV 
 -0.32162E+00  0.55475E+02  0.27175E+02 120 VMAX 
 -0.60770E-02  0.35702E+01  0.81446E+01 120 PER  
  0.11145E-01  0.64533E+00  0.33647E+00 120 ADAY 
 -0.11467E+00 -0.64531E+01  0.72416E+01 120 SPDX 
 -0.22801E-01  0.60652E+03  0.85970E+02 120 PSLV 
  0.18789E-02  0.24367E+03  0.68526E+03 120 VPER 
  0.59302E-01  0.68943E+02  0.25709E+02 120 PC20 
  0.10614E-01  0.77691E+03  0.33790E+03 120 GSTD 
  0.61265E+00  0.64016E+02  0.32128E+02 120 POT  
 -0.40146E+00  0.16411E+02  0.62141E+01 120 SHDC 
 -0.22297E+00 -0.53019E+02  0.14751E+01 120 T200 
 -0.66548E-01 -0.29023E+00  0.94424E+00 120 T250 
  0.22366E+00  0.11249E+02  0.26231E+01 120 EPOS 
 -0.20722E-01  0.47830E+02  0.80565E+01 120 RHMD 
  0.12404E+00  0.12866E+01  0.31571E+01 120 TWAT 
  0.14386E+00  0.24564E+02  0.46846E+02 120 Z850 
  0.88809E-01  0.20774E+02  0.22387E+02 120 D200 
  0.14791E+00  0.69334E+01  0.34347E+01 120 LHRD 
  0.16220E-01  0.89333E+03  0.51874E+03 120 VSHR 
 -0.15705E+00  0.51298E+04  0.38449E+04 120 POT2 
  0.13996E-01  0.32878E+00  0.22514E+01 120 RHCN 
  0.18942E+00 -0.18501E+01  0.21308E+02 120 SDIR 
 -0.38552E-01 -0.93221E-01  0.21889E+01 120 SHGC 
