  0.00000E+00  0.10826E+00  0.59146E+01   6 DELV 
  0.27232E-01  0.51427E+02  0.26402E+02   6 VMAX 
  0.28338E+00  0.50259E+00  0.10086E+02   6 PER  
  0.92561E-02  0.42208E+00  0.35560E+00   6 ADAY 
 -0.32523E-01 -0.72133E+01  0.50370E+01   6 SPDX 
 -0.19281E-02  0.58156E+03  0.82975E+02   6 PSLV 
  0.12163E+00  0.77669E+02  0.74459E+03   6 VPER 
  0.17775E+00  0.64329E+02  0.30896E+02   6 PC20 
 -0.11140E+00  0.65342E+03  0.33748E+03   6 GSTD 
  0.59070E+00  0.84168E+02  0.32211E+02   6 POT  
  0.47124E-01  0.13617E+02  0.82367E+01   6 SHDC 
  0.10731E-01 -0.52194E+02  0.94495E+00   6 T200 
 -0.46173E-01 -0.40614E+02  0.10082E+01   6 T250 
  0.53576E-01  0.90650E+01  0.35452E+01   6 EPOS 
  0.20366E-01  0.54907E+02  0.11636E+02   6 RHMD 
  0.22548E-01 -0.18474E-01  0.46185E+00   6 TWAT 
  0.62724E-02  0.20542E+02  0.39967E+02   6 Z850 
  0.32314E-01  0.20844E+02  0.30468E+02   6 D200 
  0.15126E-01  0.39246E+01  0.28617E+01   6 LHRD 
 -0.17738E+00  0.66187E+03  0.46885E+03   6 VSHR 
 -0.46961E+00  0.81218E+04  0.50378E+04   6 POT2 
  0.32573E-01  0.22871E+02  0.19127E+02   6 RHCN 
  0.62898E-01  0.11036E+02  0.34596E+02   6 SDIR 
 -0.30570E-01 -0.15502E-01  0.39521E+01   6 SHGC 
  0.00000E+00  0.24858E+00  0.10542E+02  12 DELV 
  0.62832E-01  0.52292E+02  0.26477E+02  12 VMAX 
  0.29174E+00  0.75177E+00  0.10105E+02  12 PER  
  0.64265E-02  0.42270E+00  0.35525E+00  12 ADAY 
 -0.48701E-01 -0.72852E+01  0.49494E+01  12 SPDX 
  0.23728E-02  0.57906E+03  0.81347E+02  12 PSLV 
  0.64194E-01  0.87668E+02  0.75546E+03  12 VPER 
  0.17393E+00  0.65981E+02  0.29886E+02  12 PC20 
 -0.13115E+00  0.66546E+03  0.33482E+03  12 GSTD 
  0.79836E+00  0.83265E+02  0.32818E+02  12 POT  
  0.23925E-01  0.13533E+02  0.79666E+01  12 SHDC 
  0.17588E-01 -0.52185E+02  0.93895E+00  12 T200 
 -0.60614E-01 -0.40606E+02  0.10110E+01  12 T250 
  0.74519E-01  0.90780E+01  0.34989E+01  12 EPOS 
  0.23875E-01  0.54874E+02  0.11523E+02  12 RHMD 
  0.47702E-01 -0.39841E-01  0.62336E+00  12 TWAT 
  0.12179E-01  0.20700E+02  0.39644E+02  12 Z850 
  0.41117E-01  0.20674E+02  0.29631E+02  12 D200 
  0.42791E-01  0.38918E+01  0.27472E+01  12 LHRD 
 -0.21426E+00  0.67283E+03  0.47150E+03  12 VSHR 
 -0.61547E+00  0.80100E+04  0.50738E+04  12 POT2 
  0.48250E-01  0.22715E+02  0.18914E+02  12 RHCN 
  0.84908E-01  0.10806E+02  0.33675E+02  12 SDIR 
 -0.39821E-01 -0.33118E-01  0.37431E+01  12 SHGC 
  0.00000E+00  0.40443E+00  0.14832E+02  18 DELV 
  0.84253E-01  0.53110E+02  0.26605E+02  18 VMAX 
  0.29025E+00  0.10023E+01  0.10107E+02  18 PER  
  0.14655E-02  0.42339E+00  0.35486E+00  18 ADAY 
 -0.62427E-01 -0.73593E+01  0.48677E+01  18 SPDX 
  0.96149E-02  0.57677E+03  0.79913E+02  18 PSLV 
  0.76585E-02  0.98303E+02  0.76555E+03  18 VPER 
  0.15411E+00  0.67615E+02  0.28843E+02  18 PC20 
 -0.12869E+00  0.67572E+03  0.33302E+03  18 GSTD 
  0.92048E+00  0.82400E+02  0.33448E+02  18 POT  
 -0.17540E-01  0.13457E+02  0.77298E+01  18 SHDC 
  0.31560E-01 -0.52177E+02  0.93040E+00  18 T200 
 -0.79975E-01 -0.40598E+02  0.99329E+00  18 T250 
  0.85391E-01  0.90911E+01  0.34586E+01  18 EPOS 
  0.26504E-01  0.54829E+02  0.11410E+02  18 RHMD 
  0.67569E-01 -0.62530E-01  0.75693E+00  18 TWAT 
  0.20034E-01  0.20864E+02  0.39380E+02  18 Z850 
  0.49764E-01  0.20481E+02  0.28949E+02  18 D200 
  0.67788E-01  0.38624E+01  0.26458E+01  18 LHRD 
 -0.22223E+00  0.68352E+03  0.47661E+03  18 VSHR 
 -0.67259E+00  0.79084E+04  0.51121E+04  18 POT2 
  0.57213E-01  0.22553E+02  0.18691E+02  18 RHCN 
  0.10272E+00  0.10608E+02  0.32876E+02  18 SDIR 
 -0.44393E-01 -0.51264E-01  0.35859E+01  18 SHGC 
  0.00000E+00  0.52996E+00  0.18868E+02  24 DELV 
  0.93524E-01  0.53887E+02  0.26788E+02  24 VMAX 
  0.27407E+00  0.12826E+01  0.10079E+02  24 PER  
 -0.20586E-02  0.42412E+00  0.35447E+00  24 ADAY 
 -0.71072E-01 -0.74378E+01  0.47956E+01  24 SPDX 
  0.12109E-01  0.57462E+03  0.78631E+02  24 PSLV 
 -0.33795E-01  0.11105E+03  0.77332E+03  24 VPER 
  0.14232E+00  0.69165E+02  0.27845E+02  24 PC20 
 -0.11625E+00  0.68403E+03  0.33162E+03  24 GSTD 
  0.98897E+00  0.81560E+02  0.34080E+02  24 POT  
 -0.55552E-01  0.13385E+02  0.75084E+01  24 SHDC 
  0.43716E-01 -0.52169E+02  0.92452E+00  24 T200 
 -0.99329E-01 -0.40593E+02  0.10005E+01  24 T250 
  0.91950E-01  0.91040E+01  0.34216E+01  24 EPOS 
  0.28405E-01  0.54773E+02  0.11294E+02  24 RHMD 
  0.80426E-01 -0.85032E-01  0.86540E+00  24 TWAT 
  0.25339E-01  0.21031E+02  0.39178E+02  24 Z850 
  0.53087E-01  0.20275E+02  0.28371E+02  24 D200 
  0.85028E-01  0.38355E+01  0.25515E+01  24 LHRD 
 -0.21754E+00  0.69376E+03  0.48367E+03  24 VSHR 
 -0.67414E+00  0.78133E+04  0.51485E+04  24 POT2 
  0.56340E-01  0.22389E+02  0.18452E+02  24 RHCN 
  0.11699E+00  0.10423E+02  0.32158E+02  24 SDIR 
 -0.48312E-01 -0.67161E-01  0.34651E+01  24 SHGC 
  0.00000E+00  0.61744E+00  0.22589E+02  30 DELV 
  0.91122E-01  0.54609E+02  0.27011E+02  30 VMAX 
  0.25738E+00  0.15923E+01  0.10019E+02  30 PER  
 -0.36734E-02  0.42501E+00  0.35407E+00  30 ADAY 
 -0.74782E-01 -0.75179E+01  0.47300E+01  30 SPDX 
  0.18332E-01  0.57250E+03  0.77399E+02  30 PSLV 
 -0.67144E-01  0.12621E+03  0.78008E+03  30 VPER 
  0.13681E+00  0.70656E+02  0.26792E+02  30 PC20 
 -0.99529E-01  0.69148E+03  0.33012E+03  30 GSTD 
  0.10213E+01  0.80775E+02  0.34693E+02  30 POT  
 -0.92395E-01  0.13314E+02  0.72892E+01  30 SHDC 
  0.55522E-01 -0.52162E+02  0.93065E+00  30 T200 
 -0.11658E+00 -0.40587E+02  0.98934E+00  30 T250 
  0.98377E-01  0.91166E+01  0.33806E+01  30 EPOS 
  0.33203E-01  0.54716E+02  0.11176E+02  30 RHMD 
  0.87990E-01 -0.10888E+00  0.98068E+00  30 TWAT 
  0.31376E-01  0.21238E+02  0.38998E+02  30 Z850 
  0.52423E-01  0.20071E+02  0.27845E+02  30 D200 
  0.94852E-01  0.38104E+01  0.24612E+01  30 LHRD 
 -0.20414E+00  0.70314E+03  0.49057E+03  30 VSHR 
 -0.64705E+00  0.77281E+04  0.51816E+04  30 POT2 
  0.52061E-01  0.22234E+02  0.18211E+02  30 RHCN 
  0.12853E+00  0.10288E+02  0.31459E+02  30 SDIR 
 -0.50173E-01 -0.80094E-01  0.33577E+01  30 SHGC 
  0.00000E+00  0.68407E+00  0.26004E+02  36 DELV 
  0.84967E-01  0.55262E+02  0.27275E+02  36 VMAX 
  0.23647E+00  0.19072E+01  0.99686E+01  36 PER  
 -0.42123E-02  0.42595E+00  0.35360E+00  36 ADAY 
 -0.78443E-01 -0.75901E+01  0.46806E+01  36 SPDX 
  0.21656E-01  0.57059E+03  0.76101E+02  36 PSLV 
 -0.91443E-01  0.14263E+03  0.78791E+03  36 VPER 
  0.13318E+00  0.72067E+02  0.25775E+02  36 PC20 
 -0.82448E-01  0.69691E+03  0.32909E+03  36 GSTD 
  0.10276E+01  0.80057E+02  0.35270E+02  36 POT  
 -0.11721E+00  0.13245E+02  0.70744E+01  36 SHDC 
  0.66503E-01 -0.52155E+02  0.91179E+00  36 T200 
 -0.13218E+00 -0.40582E+02  0.98460E+00  36 T250 
  0.10261E+00  0.91295E+01  0.33347E+01  36 EPOS 
  0.37825E-01  0.54644E+02  0.11062E+02  36 RHMD 
  0.93105E-01 -0.13262E+00  0.10766E+01  36 TWAT 
  0.35584E-01  0.21447E+02  0.38824E+02  36 Z850 
  0.50726E-01  0.19861E+02  0.27333E+02  36 D200 
  0.92824E-01  0.37872E+01  0.23755E+01  36 LHRD 
 -0.18626E+00  0.71146E+03  0.49710E+03  36 VSHR 
 -0.59829E+00  0.76530E+04  0.52111E+04  36 POT2 
  0.44640E-01  0.22087E+02  0.17965E+02  36 RHCN 
  0.13851E+00  0.10200E+02  0.30756E+02  36 SDIR 
 -0.50302E-01 -0.94782E-01  0.32542E+01  36 SHGC 
  0.00000E+00  0.71429E+00  0.29067E+02  42 DELV 
  0.68690E-01  0.55814E+02  0.27555E+02  42 VMAX 
  0.22372E+00  0.21997E+01  0.99097E+01  42 PER  
 -0.35274E-02  0.42661E+00  0.35315E+00  42 ADAY 
 -0.82451E-01 -0.76560E+01  0.46421E+01  42 SPDX 
  0.25382E-01  0.56884E+03  0.74858E+02  42 PSLV 
 -0.10888E+00  0.15887E+03  0.79396E+03  42 VPER 
  0.12825E+00  0.73313E+02  0.24919E+02  42 PC20 
 -0.61413E-01  0.70011E+03  0.32874E+03  42 GSTD 
  0.10030E+01  0.79435E+02  0.35778E+02  42 POT  
 -0.13425E+00  0.13178E+02  0.68593E+01  42 SHDC 
  0.77535E-01 -0.52149E+02  0.90597E+00  42 T200 
 -0.14436E+00 -0.40578E+02  0.97087E+00  42 T250 
  0.10511E+00  0.91419E+01  0.32866E+01  42 EPOS 
  0.41012E-01  0.54566E+02  0.10941E+02  42 RHMD 
  0.96418E-01 -0.15344E+00  0.11585E+01  42 TWAT 
  0.38153E-01  0.21644E+02  0.38660E+02  42 Z850 
  0.48375E-01  0.19644E+02  0.26849E+02  42 D200 
  0.85897E-01  0.37651E+01  0.22916E+01  42 LHRD 
 -0.16683E+00  0.71820E+03  0.50239E+03  42 VSHR 
 -0.53110E+00  0.75898E+04  0.52332E+04  42 POT2 
  0.37400E-01  0.21944E+02  0.17706E+02  42 RHCN 
  0.14792E+00  0.10144E+02  0.30041E+02  42 SDIR 
 -0.48616E-01 -0.10745E+00  0.31584E+01  42 SHGC 
  0.00000E+00  0.68112E+00  0.31758E+02  48 DELV 
  0.42176E-01  0.56262E+02  0.27861E+02  48 VMAX 
  0.20644E+00  0.24817E+01  0.98407E+01  48 PER  
 -0.23870E-02  0.42719E+00  0.35264E+00  48 ADAY 
 -0.84182E-01 -0.77160E+01  0.46074E+01  48 SPDX 
  0.28382E-01  0.56724E+03  0.73514E+02  48 PSLV 
 -0.11455E+00  0.17516E+03  0.79991E+03  48 VPER 
  0.13247E+00  0.74378E+02  0.24150E+02  48 PC20 
 -0.42647E-01  0.70158E+03  0.32780E+03  48 GSTD 
  0.96607E+00  0.78921E+02  0.36240E+02  48 POT  
 -0.14121E+00  0.13118E+02  0.66516E+01  48 SHDC 
  0.84400E-01 -0.52144E+02  0.88986E+00  48 T200 
 -0.15768E+00 -0.40576E+02  0.97085E+00  48 T250 
  0.10812E+00  0.91522E+01  0.32378E+01  48 EPOS 
  0.41655E-01  0.54491E+02  0.10821E+02  48 RHMD 
  0.97394E-01 -0.16874E+00  0.12198E+01  48 TWAT 
  0.41920E-01  0.21841E+02  0.38489E+02  48 Z850 
  0.44087E-01  0.19450E+02  0.26409E+02  48 D200 
  0.70499E-01  0.37460E+01  0.22145E+01  48 LHRD 
 -0.14668E+00  0.72375E+03  0.50739E+03  48 VSHR 
 -0.46381E+00  0.75416E+04  0.52532E+04  48 POT2 
  0.29534E-01  0.21814E+02  0.17443E+02  48 RHCN 
  0.15671E+00  0.10134E+02  0.29356E+02  48 SDIR 
 -0.45770E-01 -0.11537E+00  0.30735E+01  48 SHGC 
  0.00000E+00  0.58170E+00  0.34126E+02  54 DELV 
  0.26367E-01  0.56632E+02  0.28156E+02  54 VMAX 
  0.18577E+00  0.27674E+01  0.97259E+01  54 PER  
  0.34689E-03  0.42758E+00  0.35205E+00  54 ADAY 
 -0.84813E-01 -0.77779E+01  0.45791E+01  54 SPDX 
  0.31298E-01  0.56578E+03  0.72139E+02  54 PSLV 
 -0.11363E+00  0.19222E+03  0.79942E+03  54 VPER 
  0.13207E+00  0.75300E+02  0.23514E+02  54 PC20 
 -0.29742E-01  0.70225E+03  0.32807E+03  54 GSTD 
  0.94206E+00  0.78488E+02  0.36639E+02  54 POT  
 -0.14672E+00  0.13066E+02  0.64515E+01  54 SHDC 
  0.92783E-01 -0.52139E+02  0.90253E+00  54 T200 
 -0.16723E+00 -0.40573E+02  0.96734E+00  54 T250 
  0.11068E+00  0.91623E+01  0.31863E+01  54 EPOS 
  0.41617E-01  0.54404E+02  0.10694E+02  54 RHMD 
  0.98188E-01 -0.18329E+00  0.12803E+01  54 TWAT 
  0.45512E-01  0.22029E+02  0.38318E+02  54 Z850 
  0.40551E-01  0.19236E+02  0.25975E+02  54 D200 
  0.52764E-01  0.37289E+01  0.21417E+01  54 LHRD 
 -0.12420E+00  0.72830E+03  0.51095E+03  54 VSHR 
 -0.40405E+00  0.75025E+04  0.52676E+04  54 POT2 
  0.17564E-01  0.21699E+02  0.17177E+02  54 RHCN 
  0.16309E+00  0.10175E+02  0.28692E+02  54 SDIR 
 -0.41727E-01 -0.12160E+00  0.30015E+01  54 SHGC 
  0.00000E+00  0.40397E+00  0.36155E+02  60 DELV 
  0.19389E-01  0.56925E+02  0.28456E+02  60 VMAX 
  0.16936E+00  0.30589E+01  0.96293E+01  60 PER  
  0.32862E-02  0.42814E+00  0.35143E+00  60 ADAY 
 -0.84989E-01 -0.78385E+01  0.45517E+01  60 SPDX 
  0.34472E-01  0.56473E+03  0.71048E+02  60 PSLV 
 -0.11327E+00  0.21157E+03  0.80013E+03  60 VPER 
  0.12870E+00  0.76144E+02  0.22972E+02  60 PC20 
 -0.18734E-01  0.70050E+03  0.32711E+03  60 GSTD 
  0.92654E+00  0.78129E+02  0.36982E+02  60 POT  
 -0.14770E+00  0.13018E+02  0.62617E+01  60 SHDC 
  0.95099E-01 -0.52134E+02  0.88190E+00  60 T200 
 -0.17326E+00 -0.40572E+02  0.95857E+00  60 T250 
  0.11368E+00  0.91710E+01  0.31317E+01  60 EPOS 
  0.40484E-01  0.54307E+02  0.10564E+02  60 RHMD 
  0.99985E-01 -0.19626E+00  0.13288E+01  60 TWAT 
  0.49983E-01  0.22167E+02  0.38159E+02  60 Z850 
  0.36454E-01  0.19013E+02  0.25552E+02  60 D200 
  0.34275E-01  0.37133E+01  0.20730E+01  60 LHRD 
 -0.10446E+00  0.73144E+03  0.51341E+03  60 VSHR 
 -0.34994E+00  0.74716E+04  0.52738E+04  60 POT2 
  0.35835E-02  0.21582E+02  0.16896E+02  60 RHCN 
  0.16714E+00  0.10232E+02  0.28056E+02  60 SDIR 
 -0.37363E-01 -0.12878E+00  0.29355E+01  60 SHGC 
  0.00000E+00  0.18550E+00  0.37830E+02  66 DELV 
  0.19968E-01  0.57117E+02  0.28721E+02  66 VMAX 
  0.15366E+00  0.33596E+01  0.95397E+01  66 PER  
  0.72131E-02  0.42837E+00  0.35075E+00  66 ADAY 
 -0.83482E-01 -0.78942E+01  0.45301E+01  66 SPDX 
  0.36586E-01  0.56410E+03  0.70334E+02  66 PSLV 
 -0.11112E+00  0.23180E+03  0.80140E+03  66 VPER 
  0.12017E+00  0.76857E+02  0.22585E+02  66 PC20 
 -0.11381E-01  0.69772E+03  0.32570E+03  66 GSTD 
  0.92068E+00  0.77864E+02  0.37226E+02  66 POT  
 -0.15035E+00  0.12973E+02  0.60824E+01  66 SHDC 
  0.10299E+00 -0.52130E+02  0.88672E+00  66 T200 
 -0.18200E+00 -0.40571E+02  0.95147E+00  66 T250 
  0.11654E+00  0.91789E+01  0.30766E+01  66 EPOS 
  0.40728E-01  0.54205E+02  0.10430E+02  66 RHMD 
  0.98856E-01 -0.20957E+00  0.13667E+01  66 TWAT 
  0.53900E-01  0.22290E+02  0.38020E+02  66 Z850 
  0.33001E-01  0.18773E+02  0.25122E+02  66 D200 
  0.17706E-01  0.36998E+01  0.20094E+01  66 LHRD 
 -0.82559E-01  0.73319E+03  0.51444E+03  66 VSHR 
 -0.30381E+00  0.74484E+04  0.52727E+04  66 POT2 
 -0.94022E-02  0.21459E+02  0.16598E+02  66 RHCN 
  0.17016E+00  0.10343E+02  0.27432E+02  66 SDIR 
 -0.33410E-01 -0.13922E+00  0.28724E+01  66 SHGC 
  0.00000E+00 -0.72809E-01  0.39147E+02  72 DELV 
  0.14651E-01  0.57211E+02  0.28939E+02  72 VMAX 
  0.14010E+00  0.36157E+01  0.94682E+01  72 PER  
  0.11314E-01  0.42836E+00  0.35002E+00  72 ADAY 
 -0.81058E-01 -0.79401E+01  0.45171E+01  72 SPDX 
  0.38059E-01  0.56378E+03  0.69768E+02  72 PSLV 
 -0.10913E+00  0.24991E+03  0.80370E+03  72 VPER 
  0.11288E+00  0.77439E+02  0.22315E+02  72 PC20 
 -0.25337E-03  0.69424E+03  0.32415E+03  72 GSTD 
  0.91424E+00  0.77695E+02  0.37365E+02  72 POT  
 -0.14738E+00  0.12937E+02  0.59162E+01  72 SHDC 
  0.10934E+00 -0.52125E+02  0.88650E+00  72 T200 
 -0.19054E+00 -0.40570E+02  0.94674E+00  72 T250 
  0.11969E+00  0.91846E+01  0.30237E+01  72 EPOS 
  0.41159E-01  0.54102E+02  0.10299E+02  72 RHMD 
  0.96623E-01 -0.22171E+00  0.13880E+01  72 TWAT 
  0.58548E-01  0.22405E+02  0.37866E+02  72 Z850 
  0.28417E-01  0.18546E+02  0.24706E+02  72 D200 
 -0.15082E-02  0.36897E+01  0.19542E+01  72 LHRD 
 -0.63002E-01  0.73374E+03  0.51393E+03  72 VSHR 
 -0.26585E+00  0.74325E+04  0.52625E+04  72 POT2 
 -0.19084E-01  0.21347E+02  0.16305E+02  72 RHCN 
  0.17237E+00  0.10465E+02  0.26842E+02  72 SDIR 
 -0.30246E-01 -0.14936E+00  0.28125E+01  72 SHGC 
  0.00000E+00 -0.35314E+00  0.40118E+02  78 DELV 
  0.10029E-02  0.57191E+02  0.29111E+02  78 VMAX 
  0.13009E+00  0.38205E+01  0.94087E+01  78 PER  
  0.15895E-01  0.42825E+00  0.34923E+00  78 ADAY 
 -0.77352E-01 -0.79806E+01  0.45054E+01  78 SPDX 
  0.39833E-01  0.56357E+03  0.69561E+02  78 PSLV 
 -0.10355E+00  0.26439E+03  0.80436E+03  78 VPER 
  0.10669E+00  0.77962E+02  0.22002E+02  78 PC20 
  0.84849E-02  0.68935E+03  0.32116E+03  78 GSTD 
  0.90155E+00  0.77638E+02  0.37419E+02  78 POT  
 -0.14113E+00  0.12903E+02  0.57583E+01  78 SHDC 
  0.11270E+00 -0.52121E+02  0.88442E+00  78 T200 
 -0.19536E+00 -0.40570E+02  0.93887E+00  78 T250 
  0.12294E+00  0.91892E+01  0.29713E+01  78 EPOS 
  0.39404E-01  0.53998E+02  0.10168E+02  78 RHMD 
  0.93507E-01 -0.23228E+00  0.14088E+01  78 TWAT 
  0.63816E-01  0.22523E+02  0.37723E+02  78 Z850 
  0.23114E-01  0.18339E+02  0.24318E+02  78 D200 
 -0.19994E-01  0.36810E+01  0.19035E+01  78 LHRD 
 -0.46619E-01  0.73272E+03  0.51176E+03  78 VSHR 
 -0.23606E+00  0.74276E+04  0.52485E+04  78 POT2 
 -0.24220E-01  0.21250E+02  0.16036E+02  78 RHCN 
  0.17416E+00  0.10611E+02  0.26258E+02  78 SDIR 
 -0.28633E-01 -0.16031E+00  0.27557E+01  78 SHGC 
  0.00000E+00 -0.65001E+00  0.40844E+02  84 DELV 
 -0.18354E-01  0.57100E+02  0.29229E+02  84 VMAX 
  0.12400E+00  0.39877E+01  0.93945E+01  84 PER  
  0.18383E-01  0.42827E+00  0.34856E+00  84 ADAY 
 -0.73149E-01 -0.80190E+01  0.44914E+01  84 SPDX 
  0.38161E-01  0.56352E+03  0.69373E+02  84 PSLV 
 -0.97621E-01  0.27662E+03  0.80716E+03  84 VPER 
  0.10144E+00  0.78435E+02  0.21728E+02  84 PC20 
  0.17233E-01  0.68429E+03  0.31728E+03  84 GSTD 
  0.88268E+00  0.77667E+02  0.37406E+02  84 POT  
 -0.13194E+00  0.12878E+02  0.56120E+01  84 SHDC 
  0.11363E+00 -0.52117E+02  0.88143E+00  84 T200 
 -0.19780E+00 -0.40570E+02  0.93368E+00  84 T250 
  0.12677E+00  0.91932E+01  0.29180E+01  84 EPOS 
  0.38448E-01  0.53893E+02  0.10038E+02  84 RHMD 
  0.92312E-01 -0.24738E+00  0.14216E+01  84 TWAT 
  0.69625E-01  0.22628E+02  0.37564E+02  84 Z850 
  0.16565E-01  0.18138E+02  0.23969E+02  84 D200 
 -0.38126E-01  0.36743E+01  0.18570E+01  84 LHRD 
 -0.33075E-01  0.73122E+03  0.50918E+03  84 VSHR 
 -0.20970E+00  0.74311E+04  0.52340E+04  84 POT2 
 -0.28260E-01  0.21172E+02  0.15776E+02  84 RHCN 
  0.17558E+00  0.10797E+02  0.25700E+02  84 SDIR 
 -0.28893E-01 -0.16901E+00  0.27011E+01  84 SHGC 
  0.00000E+00 -0.92469E+00  0.41406E+02  90 DELV 
 -0.34339E-01  0.56929E+02  0.29318E+02  90 VMAX 
  0.12195E+00  0.41266E+01  0.93756E+01  90 PER  
  0.18816E-01  0.42867E+00  0.34777E+00  90 ADAY 
 -0.69597E-01 -0.80493E+01  0.44786E+01  90 SPDX 
  0.36428E-01  0.56343E+03  0.69366E+02  90 PSLV 
 -0.96208E-01  0.28662E+03  0.80910E+03  90 VPER 
  0.97542E-01  0.78753E+02  0.21436E+02  90 PC20 
  0.26334E-01  0.68007E+03  0.31393E+03  90 GSTD 
  0.86423E+00  0.77768E+02  0.37339E+02  90 POT  
 -0.11969E+00  0.12858E+02  0.54775E+01  90 SHDC 
  0.11314E+00 -0.52115E+02  0.87184E+00  90 T200 
 -0.19917E+00 -0.40573E+02  0.92573E+00  90 T250 
  0.13019E+00  0.91984E+01  0.28644E+01  90 EPOS 
  0.38107E-01  0.53780E+02  0.99063E+01  90 RHMD 
  0.92981E-01 -0.26094E+00  0.14169E+01  90 TWAT 
  0.76461E-01  0.22676E+02  0.37407E+02  90 Z850 
  0.10744E-01  0.17919E+02  0.23616E+02  90 D200 
 -0.54443E-01  0.36701E+01  0.18149E+01  90 LHRD 
 -0.25622E-01  0.72899E+03  0.50672E+03  90 VSHR 
 -0.18529E+00  0.74418E+04  0.52165E+04  90 POT2 
 -0.32751E-01  0.21092E+02  0.15513E+02  90 RHCN 
  0.17614E+00  0.10976E+02  0.25156E+02  90 SDIR 
 -0.31263E-01 -0.17608E+00  0.26497E+01  90 SHGC 
  0.00000E+00 -0.11757E+01  0.41883E+02  96 DELV 
 -0.40477E-01  0.56738E+02  0.29366E+02  96 VMAX 
  0.11969E+00  0.42695E+01  0.93386E+01  96 PER  
  0.18734E-01  0.42888E+00  0.34697E+00  96 ADAY 
 -0.67389E-01 -0.80700E+01  0.44731E+01  96 SPDX 
  0.35213E-01  0.56345E+03  0.69229E+02  96 PSLV 
 -0.94829E-01  0.29568E+03  0.80800E+03  96 VPER 
  0.93357E-01  0.79018E+02  0.21203E+02  96 PC20 
  0.31913E-01  0.67678E+03  0.31299E+03  96 GSTD 
  0.85293E+00  0.77891E+02  0.37224E+02  96 POT  
 -0.11326E+00  0.12846E+02  0.53571E+01  96 SHDC 
  0.11071E+00 -0.52112E+02  0.86661E+00  96 T200 
 -0.20062E+00 -0.40576E+02  0.92889E+00  96 T250 
  0.13325E+00  0.92042E+01  0.28107E+01  96 EPOS 
  0.37542E-01  0.53649E+02  0.97680E+01  96 RHMD 
  0.92854E-01 -0.27237E+00  0.14098E+01  96 TWAT 
  0.82963E-01  0.22665E+02  0.37238E+02  96 Z850 
  0.60095E-02  0.17671E+02  0.23273E+02  96 D200 
 -0.63243E-01  0.36673E+01  0.17774E+01  96 LHRD 
 -0.20083E-01  0.72671E+03  0.50395E+03  96 VSHR 
 -0.15909E+00  0.74524E+04  0.51962E+04  96 POT2 
 -0.40385E-01  0.21028E+02  0.15266E+02  96 RHCN 
  0.17468E+00  0.11169E+02  0.24625E+02  96 SDIR 
 -0.35404E-01 -0.18010E+00  0.26049E+01  96 SHGC 
  0.00000E+00 -0.14170E+01  0.42285E+02 102 DELV 
 -0.49696E-01  0.56537E+02  0.29403E+02 102 VMAX 
  0.11251E+00  0.43931E+01  0.92392E+01 102 PER  
  0.19777E-01  0.42911E+00  0.34621E+00 102 ADAY 
 -0.63941E-01 -0.80929E+01  0.44661E+01 102 SPDX 
  0.32923E-01  0.56359E+03  0.69206E+02 102 PSLV 
 -0.89702E-01  0.30316E+03  0.79958E+03 102 VPER 
  0.93794E-01  0.79231E+02  0.20988E+02 102 PC20 
  0.37730E-01  0.67456E+03  0.31386E+03 102 GSTD 
  0.83727E+00  0.78019E+02  0.37089E+02 102 POT  
 -0.10918E+00  0.12835E+02  0.52456E+01 102 SHDC 
  0.10691E+00 -0.52110E+02  0.86742E+00 102 T200 
 -0.19716E+00 -0.40582E+02  0.91840E+00 102 T250 
  0.13636E+00  0.92109E+01  0.27563E+01 102 EPOS 
  0.38764E-01  0.53493E+02  0.96199E+01 102 RHMD 
  0.89674E-01 -0.28273E+00  0.14104E+01 102 TWAT 
  0.88343E-01  0.22633E+02  0.37053E+02 102 Z850 
  0.62054E-03  0.17405E+02  0.22929E+02 102 D200 
 -0.69155E-01  0.36643E+01  0.17439E+01 102 LHRD 
 -0.16097E-01  0.72450E+03  0.50172E+03 102 VSHR 
 -0.12960E+00  0.74622E+04  0.51734E+04 102 POT2 
 -0.48175E-01  0.20967E+02  0.15042E+02 102 RHCN 
  0.17154E+00  0.11399E+02  0.24109E+02 102 SDIR 
 -0.40720E-01 -0.18095E+00  0.25635E+01 102 SHGC 
  0.00000E+00 -0.16249E+01  0.42592E+02 108 DELV 
 -0.49290E-01  0.56273E+02  0.29427E+02 108 VMAX 
  0.90276E-01  0.44784E+01  0.92125E+01 108 PER  
  0.18710E-01  0.42944E+00  0.34544E+00 108 ADAY 
 -0.65145E-01 -0.81084E+01  0.44582E+01 108 SPDX 
  0.34925E-01  0.56398E+03  0.69298E+02 108 PSLV 
 -0.76683E-01  0.30837E+03  0.79956E+03 108 VPER 
  0.95941E-01  0.79485E+02  0.20733E+02 108 PC20 
  0.36852E-01  0.67153E+03  0.31228E+03 108 GSTD 
  0.83517E+00  0.78217E+02  0.36937E+02 108 POT  
 -0.10649E+00  0.12818E+02  0.51320E+01 108 SHDC 
  0.98943E-01 -0.52107E+02  0.85780E+00 108 T200 
 -0.19190E+00 -0.40586E+02  0.91242E+00 108 T250 
  0.13879E+00  0.92160E+01  0.27035E+01 108 EPOS 
  0.37262E-01  0.53352E+02  0.94752E+01 108 RHMD 
  0.85642E-01 -0.29679E+00  0.14050E+01 108 TWAT 
  0.95823E-01  0.22611E+02  0.36854E+02 108 Z850 
 -0.17262E-02  0.17136E+02  0.22593E+02 108 D200 
 -0.70779E-01  0.36593E+01  0.17100E+01 108 LHRD 
 -0.17953E-01  0.72122E+03  0.49944E+03 108 VSHR 
 -0.11384E+00  0.74819E+04  0.51481E+04 108 POT2 
 -0.54391E-01  0.20914E+02  0.14828E+02 108 RHCN 
  0.16923E+00  0.11680E+02  0.23591E+02 108 SDIR 
 -0.46081E-01 -0.18562E+00  0.25257E+01 108 SHGC 
  0.00000E+00 -0.18495E+01  0.42769E+02 114 DELV 
 -0.36614E-01  0.55994E+02  0.29426E+02 114 VMAX 
  0.72026E-01  0.45462E+01  0.91785E+01 114 PER  
  0.17469E-01  0.43015E+00  0.34487E+00 114 ADAY 
 -0.67803E-01 -0.81151E+01  0.44431E+01 114 SPDX 
  0.37914E-01  0.56430E+03  0.69151E+02 114 PSLV 
 -0.67017E-01  0.31226E+03  0.79877E+03 114 VPER 
  0.92093E-01  0.79690E+02  0.20463E+02 114 PC20 
  0.33820E-01  0.66932E+03  0.31211E+03 114 GSTD 
  0.84657E+00  0.78416E+02  0.36747E+02 114 POT  
 -0.10642E+00  0.12805E+02  0.50235E+01 114 SHDC 
  0.94035E-01 -0.52107E+02  0.85551E+00 114 T200 
 -0.18694E+00 -0.40593E+02  0.90832E+00 114 T250 
  0.13890E+00  0.92246E+01  0.26512E+01 114 EPOS 
  0.34680E-01  0.53204E+02  0.93263E+01 114 RHMD 
  0.80789E-01 -0.30997E+00  0.13990E+01 114 TWAT 
  0.10239E+00  0.22554E+02  0.36622E+02 114 Z850 
 -0.33561E-02  0.16871E+02  0.22252E+02 114 D200 
 -0.71210E-01  0.36567E+01  0.16796E+01 114 LHRD 
 -0.17682E-01  0.71798E+03  0.49754E+03 114 VSHR 
 -0.10083E+00  0.74990E+04  0.51165E+04 114 POT2 
 -0.62479E-01  0.20854E+02  0.14617E+02 114 RHCN 
  0.16722E+00  0.11964E+02  0.23088E+02 114 SDIR 
 -0.52473E-01 -0.18619E+00  0.24912E+01 114 SHGC 
  0.00000E+00 -0.20902E+01  0.42830E+02 120 DELV 
 -0.17435E-01  0.55635E+02  0.29437E+02 120 VMAX 
  0.54314E-01  0.45925E+01  0.90518E+01 120 PER  
  0.18836E-01  0.43062E+00  0.34411E+00 120 ADAY 
 -0.65362E-01 -0.81205E+01  0.44221E+01 120 SPDX 
  0.39097E-01  0.56467E+03  0.69260E+02 120 PSLV 
 -0.55906E-01  0.31384E+03  0.79478E+03 120 VPER 
  0.91916E-01  0.79761E+02  0.20249E+02 120 PC20 
  0.29541E-01  0.66705E+03  0.31110E+03 120 GSTD 
  0.86629E+00  0.78707E+02  0.36576E+02 120 POT  
 -0.10130E+00  0.12796E+02  0.49146E+01 120 SHDC 
  0.88483E-01 -0.52105E+02  0.84838E+00 120 T200 
 -0.18315E+00 -0.40599E+02  0.90725E+00 120 T250 
  0.13520E+00  0.92372E+01  0.25950E+01 120 EPOS 
  0.30492E-01  0.53067E+02  0.91674E+01 120 RHMD 
  0.76563E-01 -0.32171E+00  0.13917E+01 120 TWAT 
  0.10679E+00  0.22565E+02  0.36397E+02 120 Z850 
 -0.50815E-02  0.16622E+02  0.21919E+02 120 D200 
 -0.75222E-01  0.36553E+01  0.16495E+01 120 LHRD 
 -0.17563E-01  0.71416E+03  0.49684E+03 120 VSHR 
 -0.91254E-01  0.75322E+04  0.50859E+04 120 POT2 
 -0.69707E-01  0.20797E+02  0.14393E+02 120 RHCN 
  0.16479E+00  0.12283E+02  0.22581E+02 120 SDIR 
 -0.59225E-01 -0.18602E+00  0.24576E+01 120 SHGC 
