 -- Undef = -9.99e+08
0.140103 0.137375 0.137548 0.140132 0.138879 0.138025 0.135509 0.134115 
0.13303 0.13318 0.132122 0.131377 0.131753 0.133312 0.130201 0.135766 
0.137503 0.142096 0.136275 0.135332 0.134747 0.135165 0.135484 0.139781 
0.133714 0.134063 0.133248 0.135628 0.136762 0.138898 0.143295 0.140463 
0.1424 0.140432 0.135085 0.135925 0.137201 0.134647 0.134451 0.132061 
0.129406 0.128712 0.129705 0.129758 0.127476 0.123515 0.121568 0.124946 
0.123827 0.120441 0.120729 0.123636 0.124508 0.122582 0.122809 0.121802 
0.12144 0.122861 0.125335 0.124029 0.12315 0.121157 0.120984 0.123482 
0.122523 0.125278 0.125946 0.127958 0.129739 0.124457 0.125448 0.122312 
0.125322 0.129059 0.134564 0.138058 0.140164 0.143746 0.143994 0.143334 
0.14707 0.144742 0.143999 0.14554 0.143179 0.142033 0.138109 0.137755 
0.132354 0.135063 0.134734 0.133853 0.133002 0.127243 0.128132 0.122232 
0.119869 0.121163 0.120695 0.121476 0.12298 0.121241 0.120405 0.119265 
0.12429 0.118666 0.120465 0.123121 0.121772 0.125055 0.125173 0.127629 
0.131033 0.133875 0.132226 0.131622 0.13232 0.131152 0.127759 0.131009 
0.133712 0.134193 0.136589 0.140261 0.142481 0.142563 0.141845 0.143516 
0.145883 0.142667 0.142611 0.138506 0.139568 0.139976 0.139923 0.138581 
0.1397 0.139237 0.138345 0.1385 0.13741 0.134803 0.134506 0.133528 
0.133542 0.13348 0.131167 0.13457 0.13666 0.13581 0.134482 0.139013 
0.136981 0.1392 0.139921 0.138547 0.138103 0.13752 0.140483 0.142471 
0.146034 0.148211 0.147839 0.146113 0.143901 0.144368 0.143867 0.143009 
0.140781 0.14261 0.145448 0.147859 0.152262 0.156387 0.152056 0.145717 
0.146288 0.144731 0.145315 0.141825 0.144588 0.142931 0.142138 0.142694 
0.139897 0.138649 0.134387 0.131348 0.126296 0.121735 0.123931 0.120534 
0.120854 0.120907 0.11954 0.120045 0.121319 0.123457 0.125313 0.126084 
0.127329 0.131014 0.126253 0.123735 0.124474 0.12524 0.123379 0.12254 
0.12166 0.122891 0.122447 0.122309 0.120623 0.120963 0.120838 0.120793 
0.123262 0.125948 0.126907 0.132298 0.135984 0.135363 0.134564 0.130185 
0.132397 0.13165 0.131285 0.128391 0.127687 0.128293 0.127455 0.125386 
0.125635 0.122157 0.121518 0.122877 0.12318 0.123214 0.120672 0.119075 
0.116076 0.113805 0.111601 0.110079 0.111802 0.112906 0.116293 0.115147 
0.11533 0.113844 0.113064 0.11291 0.112637 0.114088 0.117714 0.120098 
0.12206 0.119039 0.114196 0.113903 0.112727 0.11413 0.114265 0.113265 
0.112699 0.115097 0.117993 0.119878 0.120933 0.122907 0.122669 0.124819 
0.123734 0.122723 0.120755 0.118139 0.119198 0.120992 0.121436 0.119776 
0.119006 0.120766 0.120828 0.120719 0.122086 0.120855 0.122366 0.117707 
0.116956 0.117402 0.118819 0.117346 0.117223 0.118084 0.117179 0.118086 
0.117109 0.119532 0.119458 0.117525 0.1145 0.116661 0.118276 0.120978 
0.119725 0.121017 0.123652 0.124091 0.125742 0.127072 0.126507 0.125727 
0.128237 0.126203 0.129567 0.12893 0.13053 0.130706 0.130009 0.127974 
0.126824 0.125588 0.130677 0.132671 0.133682 0.136511 0.138981 0.142992 
0.141221 0.141233 0.140143 0.138554 0.135441 0.132232 0.133142 0.129106 
0.125795 0.123544 0.118467 0.119587 0.120937 0.121075 0.119269 0.117522 
0.11742 0.119768 0.120233 0.119579 0.11917 0.121079 0.122958 0.123805 
0.122333 0.123105 0.12182 0.119895 0.122227 0.124369 0.122871 0.124695 
0.12827 0.127955 0.128707 0.133124 0.133178 0.134302 0.13525 0.135863 
0.137439 0.139607 0.139186 0.138471 0.13929 0.137051 0.13741 0.137021 
0.132763 0.126509 0.124736 0.123773 0.123888 0.119233 0.120271 0.121343 
0.121297 0.119018 0.121202 0.123592 0.121577 0.123216 0.122098 0.120008 
0.118097 0.115212 0.115766 0.114209 0.115844 0.115049 0.116326 0.117666 
0.11539 0.116379 0.115281 0.117143 0.117557 0.116719 0.118731 0.117585 
0.118036 0.116731 0.119199 0.123013 0.123862 0.125 0.126543 0.128143 
0.12691 0.125524 0.12529 0.126277 0.126213 0.125308 0.122922 0.12324 
0.125714 0.128517 0.129746 0.126763 0.126198 0.120945 0.124999 0.124914 
0.123038 0.128286 0.131317 0.130897 0.132098 0.130238 0.129953 0.131036 
0.129241 0.131111 0.134445 0.136177 0.139066 0.136767 0.13537 0.135299 
0.130632 0.131983 0.132519 0.129303 0.127068 0.127933 0.126632 0.127899 
0.125847 0.124968 0.128599 0.130461 0.130374 0.129368 0.128351 0.128 
0.13231 0.133355 0.136705 0.135459 0.133588 0.136005 0.13962 0.144028 
0.14181 0.140448 0.13981 0.138777 0.130704 0.130764 0.131402 0.133547 
0.131038 0.133615 0.133207 0.130491 0.129814 0.127225 0.126883 0.127244 
0.125805 0.125373 0.127031 0.127618 0.126191 0.12405 0.126739 0.123199 
0.127805 0.125982 0.125596 0.121602 0.119363 0.12284 0.115764 0.116499 
0.120236 0.12279 0.122867 0.123405 0.123754 0.124748 0.126484 0.128651 
0.128114 0.131343 0.132213 0.134863 0.135439 0.137128 0.136643 0.135938 
0.133653 0.133757 0.130459 0.129934 0.127754 0.129346 0.128793 0.126131 
0.12617 0.128085 0.127919 0.127469 0.125199 0.124272 0.121967 0.119836 
0.120537 0.11941 0.116404 0.116361 0.114824 0.116325 0.114875 0.115865 
0.117745 0.116923 0.11741 0.11653 0.115009 0.114937 0.114706 0.113278 
0.111355 0.115423 0.115721 0.117791 0.118622 0.119317 0.120428 0.12095 
0.119043 0.122979 0.123672 0.123422 0.11958 0.120695 0.122486 0.119243 
0.117545 0.116836 0.116115 0.113724 0.114134 0.111897 0.112173 0.109955 
0.111638 0.111438 0.110813 0.111531 0.109245 0.106498 0.108441 0.108557 
0.111413 0.10859 0.110281 0.106769 0.1051 0.105955 0.106723 0.107834 
0.107659 0.111613 0.110878 0.109531 0.111668 0.114188 0.112946 0.109903 
0.109167 0.114281 0.117178 0.119987 0.123723 0.126704 0.125424 0.124716 
0.122514 0.122734 0.120799 0.117619 0.123422 0.124182 0.12341 0.118881 
0.118122 0.117443 0.113953 0.117939 0.117839 0.116372 0.113691 0.111499 
0.110221 0.1085 0.105549 0.107699 0.10795 0.108646 0.107146 0.106349 
0.105993 0.106513 0.106443 0.106768 0.104861 0.104793 0.105727 0.10755 
0.109553 0.109461 0.112984 0.111508 0.110475 0.110462 0.107613 0.111788 
0.112537 0.114261 0.11526 0.117785 0.118799 0.119511 0.12081 0.123715 
0.123322 0.123105 0.121153 0.119271 0.118239 0.120852 0.122346 0.124173 
0.121764 0.122994 0.122008 0.123298 0.123499 0.126089 0.124997 0.123017 
0.119647 0.120516 0.121363 0.123373 0.119239 0.120062 0.120417 0.115839 
0.116389 0.114422 0.114642 0.115589 0.116895 0.119212 0.121047 0.122447 
0.125279 0.125049 0.128529 0.128049 0.128333 0.126149 0.126221 0.126081 
0.129708 0.128799 0.130362 0.131082 0.130312 0.131535 0.131271 0.131513 
0.133017 0.134457 0.134089 0.134997 0.134065 0.133656 0.133683 0.133258 
0.132365 0.131309 0.13287 0.132441 -9.99e+08 0.129939 -9.99e+08 -9.99e+08 
-9.99e+08 0.128692 0.127649 0.127692 0.126091 0.12343 0.120674 0.118265 
0.116329 0.118324 0.11674 0.116967 0.113026 0.112868 0.115346 0.117411 
0.117184 0.118754 0.11942 0.120591 0.119803 0.123132 0.12389 0.12486 
0.128819 0.124419 0.12156 0.125687 0.127318 0.128021 0.129211 0.128868 
0.126774 0.12633 0.12708 0.124795 0.122877 0.122519 0.121839 0.121056 
0.118467 0.119098 0.119709 0.121648 0.120473 0.118916 0.115995 0.114435 
0.115545 0.112927 0.114343 0.114622 0.116049 0.113866 0.111316 0.112355 
0.11308 0.114803 0.114713 0.115853 0.115926 0.113181 0.113409 0.113186 
0.112142 0.111085 0.111112 0.111631 0.111273 0.111416 0.109044 0.109732 
0.110618 0.11224 0.111478 0.116394 0.117059 0.120634 0.120596 0.11927 
0.123012 0.118979 0.120512 0.122365 0.121339 0.120565 0.118566 0.119006 
0.119443 0.11913 0.117399 0.119312 0.12138 0.120045 0.118933 0.11898 
0.118645 0.120119 0.119447 0.117117 0.116564 0.113085 0.111114 0.108594 
0.110355 0.113129 0.113907 0.11367 0.111801 0.112113 0.111461 0.111657 
0.111723 0.114664 0.115011 0.114688 0.11587 0.117509 0.119646 0.121147 
0.122957 0.125171 0.126122 0.127633 0.129321 0.127927 0.128697 0.129435 
0.126412 0.125793 0.126219 0.127703 0.124006 0.125666 0.121607 0.12203 
0.119793 0.121627 0.121871 0.120854 0.120611 0.120045 0.120668 -9.99e+08 
0.114844 -9.99e+08 -9.99e+08 -9.99e+08 -9.99e+08 -9.99e+08 -9.99e+08 -9.99e+08 
-9.99e+08 -9.99e+08 -9.99e+08 -9.99e+08 -9.99e+08 -9.99e+08 -9.99e+08 -9.99e+08 
-9.99e+08 -9.99e+08 -9.99e+08 -9.99e+08 -9.99e+08 -9.99e+08 -9.99e+08 -9.99e+08 
-9.99e+08 -9.99e+08 -9.99e+08 -9.99e+08 -9.99e+08 -9.99e+08 -9.99e+08 -9.99e+08 
-9.99e+08 -9.99e+08 -9.99e+08 -9.99e+08 -9.99e+08 -9.99e+08 -9.99e+08 -9.99e+08 
-9.99e+08 -9.99e+08 -9.99e+08 -9.99e+08 -9.99e+08 -9.99e+08 -9.99e+08 -9.99e+08 
-9.99e+08 -9.99e+08 -9.99e+08 0.123712 0.12339 0.124174 0.124495 0.125325 
0.123326 0.124423 0.120687 0.121414 0.119911 0.118773 0.120432 0.121024 
0.121884 0.124015 0.129352 0.129456 0.130476 0.132379 0.132702 0.131163 
0.135575 0.138129 0.138831 0.138148 0.139853 0.14171 0.143828 0.139357 
0.139912 0.141589 0.139409 0.137301 0.140167 0.141565 -9.99e+08 -9.99e+08 
0.136441 0.133075 0.131301 0.128516 0.129527 0.129451 0.125801 0.126679 
0.124904 0.127116 -9.99e+08 -9.99e+08 -9.99e+08 -9.99e+08 -9.99e+08 0.129496 
-9.99e+08 -9.99e+08 -9.99e+08 -9.99e+08 -9.99e+08 -9.99e+08 -9.99e+08 -9.99e+08 
-9.99e+08 -9.99e+08 -9.99e+08 -9.99e+08 -9.99e+08 -9.99e+08 0.123242 0.121108 
0.121834 0.122937 0.125229 0.128217 0.127212 0.125326 0.12632 0.126965 
0.126478 0.121602 0.12237 0.126089 0.125105 0.123671 0.124533 0.120471 
0.121603 0.124166 0.1268 0.125108 0.129961 0.12911 0.125598 0.125049 
0.124235 0.123125 0.122544 0.120272 0.123923 0.123806 0.125141 0.12201 
0.120778 0.122089 0.122664 0.124705 0.123353 0.123571 0.126306 0.127425 
0.12902 0.134448 0.134431 0.131991 0.129902 0.128392 0.1263 0.125475 
0.128821 0.129309 0.12979 0.127467 0.127486 0.127779 0.131253 0.130754 
0.129221 0.130378 0.13185 0.125251 0.125017 0.127883 0.127718 0.126858 
0.125483 0.123635 0.122691 0.120752 0.118995 0.118 0.11821 0.114053 
0.115689 0.116147 0.11308 0.116167 0.113465 0.114229 0.115761 0.113338 
0.111788 0.109525 0.112082 0.112562 0.112879 0.112086 0.112903 0.113246 
0.116907 0.118403 0.118136 0.119704 0.120362 0.118718 0.117703 0.11479 
0.114785 0.114124 0.115236 0.117509 0.117049 0.11689 0.120889 0.119588 
0.118169 0.118753 0.12049 0.120422 0.120331 0.121457 0.120578 0.119383 
0.119494 0.119694 0.119424 0.118824 0.120376 0.119962 0.117839 0.118609 
0.115488 0.114775 0.116722 0.116851 0.117902 0.120181 0.119428 0.116196 
0.116756 0.119801 0.11849 0.115636 0.116077 0.114767 0.11471 0.116443 
0.119804 0.119448 0.118793 0.120775 0.121722 0.12248 0.1246 0.12844 
0.126091 0.130306 0.13092 0.130205 0.13257 0.133927 0.132066 0.131425 
0.135652 0.135888 0.132089 0.130376 0.131501 0.126682 0.124699 0.126102 
0.126382 0.125646 0.12663 0.125949 0.122642 0.123463 0.121458 0.122217 
0.122962 0.124387 0.124882 0.127655 0.126145 0.126503 0.12477 0.123402 
0.125161 0.122093 0.122598 0.120095 0.123054 0.121836 0.124497 0.124813 
0.127657 0.125088 0.126766 0.128928 0.12751 0.132155 0.133569 0.136942 
0.133249 0.132403 0.134715 0.135207 0.135146 0.138626 0.136762 -9.99e+08 
-9.99e+08 -9.99e+08 -9.99e+08 -9.99e+08 -9.99e+08 0.119174 0.11819 0.117839 
0.119584 0.11925 0.120417 0.121138 0.118192 0.116044 0.116498 0.114588 
0.114262 0.115417 0.11586 0.116345 0.113927 0.115433 0.111644 0.111759 
0.112892 0.109951 0.107827 0.106702 0.108738 0.10818 0.110769 0.112524 
0.112453 0.113327 0.118394 -9.99e+08 -9.99e+08 -9.99e+08 -9.99e+08 -9.99e+08 
0.114849 0.115993 0.116644 0.118539 0.117871 0.117163 0.115852 0.116147 
0.113986 0.109908 0.106809 0.110195 0.109647 0.107591 0.107857 0.109064 
0.104441 0.108665 0.110008 0.112805 0.111377 0.11207 0.109514 0.107073 
0.10941 0.109102 0.106788 0.105426 0.109608 0.107085 0.10934 0.109478 
0.108849 0.109665 0.108978 0.110904 0.108245 0.106391 0.109428 0.109111 
0.110998 0.11208 0.114469 0.114343 0.111628 0.11161 0.110556 0.112894 
0.109904 0.114632 0.116192 0.120495 0.118635 0.119499 0.121885 0.124126 
0.123974 0.123412 0.123767 0.122646 0.122686 0.124338 0.125229 0.125543 
0.126285 0.127424 0.128305 0.128811 0.127171 0.12693 0.124875 0.124879 
0.12684 0.127882 0.123864 0.127524 0.12833 0.129722 0.124924 0.122594 
0.120436 0.121298 0.120623 0.121801 0.11955 0.119937 0.122162 0.124439 
0.128244 0.129596 0.13224 0.133791 0.130036 0.129126 0.127758 0.128606 
0.128381 0.12976 0.130432 0.130449 0.128796 0.131544 0.129033 0.127646 
0.129005 0.125458 0.128635 0.128515 0.125829 0.126332 0.128155 0.128977 
0.130191 0.131533 0.132581 0.128829 0.125934 0.125319 0.119054 0.120768 
0.118385 0.118334 0.119829 0.119446 0.120761 0.121236 0.124093 0.124445 
0.125476 0.122542 0.12105 0.119547 0.122109 0.118556 0.124833 0.126215 
0.128705 0.126322 0.124244 0.125944 0.123655 0.121723 0.121978 0.123016 
0.123475 0.122233 0.122691 0.123024 0.123722 0.121962 0.124061 0.124406 
0.123283 0.125209 0.125734 0.126627 0.126925 0.132686 0.133155 0.135311 
0.135418 0.134405 0.136176 0.137324 0.136746 0.133208 0.127478 0.130779 
0.130764 0.128083 0.125866 0.124427 0.123522 0.122236 0.118537 0.119955 
0.119435 0.117266 0.117412 0.119705 0.115856 0.116049 0.115296 0.115824 
0.117331 0.118224 0.120115 0.120724 0.119056 0.121762 0.123698 0.122686 
0.129021 0.132558 0.133406 0.135234 0.135838 0.13016 0.132207 0.135202 
0.1347 0.132459 0.13559 0.135042 0.131786 0.133635 0.134478 0.135706 
0.134055 0.133654 0.137993 0.138554 0.138078 0.133722 0.134142 0.130261 
0.129192 0.126555 0.128412 0.125566 0.122663 0.122154 0.122669 0.121727 
0.119237 0.118796 0.120832 0.119035 0.117132 0.116896 0.115819 0.118478 
0.118639 0.119391 0.120624 0.119088 0.122968 0.120502 0.119647 0.120988 
0.119385 0.121479 0.117731 0.117776 0.118601 0.116059 0.1187 0.116681 
0.117702 0.118788 0.119633 0.122596 0.121813 0.123375 0.124689 0.12529 
0.126056 0.127227 0.127233 0.127201 0.127745 0.128118 0.126322 0.127357 
0.123564 

